[app/ui]
version = 9.0.1
modtime = 1661606004.435650000

[app/launcher]
version = 9.0.1
modtime = 1661606004.437415000
